0.00067348634416	0.00006431939639
0.00067252057617	0.00008151001140
0.00061293384935	0.00007273004915
0.00059694963284	0.00007746092474
0.00058757677022	0.00007500976641
0.00052278166502	0.00007447791986
0.00055177949394	0.00006516806126
0.00054408580648	0.00007232053959
0.00052522685031	0.00006638668641
0.00046760258682	0.00007089401170
0.00062736857244	0.00007174181516
0.00058259726963	0.00008580360742
0.00063108687934	0.00007956912690
0.00057872753258	0.00008075323749
0.00071601697591	0.00009436101160
0.00063258954981	0.00008689795512
0.00058951027258	0.00006280792821
0.00060544435552	0.00008247852661
0.00075427783152	0.00007491564457
0.00073891287399	0.00008292347799
0.00069444030257	0.00007367382546
0.00067383105129	0.00006866282497
0.00068163117485	0.00008295966988
0.00064545317795	0.00007416404389
0.00071868267982	0.00008890565773
0.00066006249351	0.00008673191188
0.00075880391598	0.00008000943005
0.00079566182767	0.00008653053295
0.00070642868503	0.00006743334142
0.00077137103606	0.00009716197539
0.00076481367071	0.00009989441019
0.00071630452018	0.00009077856764
0.00076769841154	0.00006967370837
0.00076152531519	0.00007859008095
0.00079006319740	0.00006428009606
0.00084849615151	0.00008500788043
0.00089211174305	0.00013166192573
0.00094215710779	0.00017737101854
0.00101823934456	0.00014008886220
0.00104854845716	0.00020282790902
0.00079789698181	0.00012546473148
0.00083147426540	0.00012892942844
0.00082598496836	0.00012492921608
0.00077289565313	0.00011820395504
