     3.652
     4.949
     2.620
     5.069
     2.367
     3.291
     3.350
     1.428
     2.687
     3.207
     4.034
     5.218
     2.853
     1.671
     2.796
     3.992
     2.634
     4.693
     3.187
     2.991
     4.432
     2.599
     1.977
     2.350
     2.811
     3.651
     2.610
     3.202
     3.289
     2.606
     2.747
     3.696
     3.150
     3.650
     2.599
     2.377
     2.576
     3.885
     2.913
     4.499
     2.802
     2.912
     2.286
     3.312
     4.872
     2.873
     1.621
     3.519
     2.756
     2.211
     2.906
     3.123
     2.928
     2.471
     2.888
     2.464
     2.168
     3.393
     2.398
     2.589
     2.947
     1.796
     4.644
     4.003
     2.963
     3.008
     2.967
     2.836
     3.831
     2.933
     3.114
     3.887
     4.923
     3.157
     1.956
     2.949
     2.923
     2.862
     3.420
     2.449
     2.652
     2.285
     3.005
     3.027
     2.580
     2.438
     3.013
     2.875
     3.214
     2.661
     2.892
     2.303
     4.815
     4.289
     2.743
     4.326
     2.933
     3.241
     3.691
     2.372
     2.421
     2.480
     4.456
     4.122
     2.344
     2.557
     2.197
     3.157
     2.642
     3.684
     2.813
     2.588
     5.289
     3.190
     2.645
     1.308
     2.941
     3.213
     2.546
     3.806
     3.450
     3.566
     4.291
     2.423
     4.085
     3.699
     3.094
     3.045
     5.203
     2.711
     2.325
     2.889
     2.793
     4.342
     3.113
     3.017
     2.488
     2.720
     3.576
     5.428
     3.143
     3.538
     3.302
     4.460
     2.770
     3.375
     2.071
     2.673
     2.910
     2.770
     3.081
     3.128
     1.931
     1.850
     3.608
     4.184
     3.243
     4.088
     2.788
     4.423
     3.104
     2.738
     2.657
     2.018
     2.888
     2.527
     2.490
     2.674
     3.493
     4.397
     3.285
     2.631
     3.607
     1.927
     5.532
     2.983
     2.600
     3.019
     3.912
     2.657
     2.131
     3.970
     3.045
     5.346
     3.083
     2.568
     5.016
     2.853
     5.983
     3.976
     3.852
     2.415
     4.767
     3.251
     2.937
     3.388
     2.721
     2.748
     2.780
     2.098
     2.161
     3.160
     2.499
     5.031
     2.849
     3.131
     4.281
     2.990
     2.375
     3.077
     1.951
     4.136
     3.605
     2.675
     4.666
     2.131
     2.913
     2.747
     3.670
     4.286
     2.771
     2.432
     3.588
     3.171
     3.628
     2.569
     5.310
     2.547
     2.798
     3.498
     3.609
     3.042
     2.882
     2.472
     3.188
     1.808
     3.274
     2.786
     3.519
     1.540
     2.847
     1.809
     2.667
     4.766
     3.107
     2.411
     2.529
     2.110
     2.271
     4.082
     2.614
     2.727
     3.504
     2.874
     2.797
     3.527
     3.675
     3.764
     2.856
     4.223
     3.267
     4.003
     4.658
     2.601
     3.070
     2.262
     2.328
     2.856
     2.340
     3.434
     2.991
     3.057
     3.345
     3.361
     3.301
     3.208
     5.137
     2.699
     3.120
     2.365
     3.460
     1.909
     2.799
     4.009
     2.279
     2.545
     4.442
     3.306
     3.512
     3.796
     3.466
     2.979
     2.876
     3.257
     3.541
     3.499
     3.055
     2.955
     3.617
     2.783
     2.609
     4.054
     2.558
     2.354
     2.431
     2.842
     4.680
     2.668
     3.669
     2.855
     3.254
     2.504
     3.032
     2.953
     3.619
     3.230
     4.213
     2.843
     3.958
     3.127
     2.696
     4.527
     2.571
     2.975
     2.684
     2.450
     3.006
     2.818
     5.267
     2.515
     3.289
     4.455
     2.738
     4.273
     4.414
     2.442
     2.858
     2.883
     3.661
     2.930
     2.374
     2.643
     2.805
     2.883
     3.067
     3.099
     2.448
     2.035
     4.673
     3.545
     2.588
     3.093
     3.574
     3.305
     2.481
     2.581
     2.871
     1.939
     3.350
     2.496
     2.832
     2.847
     3.183
     3.473
     2.628
     3.088
     4.175
     2.573
     3.032
     2.408
     3.058
     2.734
     3.141
     2.885
     4.798
     2.016
     5.521
     2.243
     3.661
     3.339
     2.306
     1.983
     2.715
     3.968
     4.630
     3.562
     2.691
     4.023
     3.890
     2.925
     2.305
     2.610
     3.594
     3.278
     3.151
     2.883
     2.812
     3.016
     2.979
     3.010
     3.682
     3.010
     3.267
     2.897
     3.002
     2.551
     2.650
     2.940
     3.133
     2.912
     3.497
     2.947
     2.933
     3.527
     3.025
     2.551
     1.985
     2.455
     1.818
     1.900
     2.418
     2.530
     3.040
     3.515
     2.887
     4.668
     5.630
     3.025
     3.395
     3.353
     3.923
     2.797
     2.937
     3.440
     2.669
     3.150
     2.933
     4.792
     4.185
     1.425
     3.833
     3.528
     2.935
     2.448
     2.485
     3.754
     2.896
     3.060
     2.189
     2.254
     3.212
     3.882
     3.389
     2.552
     2.426
     2.423
     4.014
     5.111
     2.261
     3.862
     3.086
     2.283
     3.127
     3.674
     3.923
     2.709
     2.561
     3.183
     3.727
     2.155
     2.235
     3.607
     3.013
     2.978
     3.252
     2.545
     4.498
     2.369
     3.610
     3.940
     4.146
     2.658
     3.786
     4.223
     3.918
     2.746
     3.378
     3.200
     2.618
     2.501
     2.370
     2.811
     2.807
     3.377
     2.706
     3.045
     2.426
     3.977
     3.090
     2.934
     3.310
     2.641
     3.344
     3.679
     2.896
     3.637
     2.659
     2.948
     2.130
     2.053
     3.052
     2.576
     3.585
     3.452
     3.745
     2.440
     3.884
     3.986
     2.629
     2.844
     3.668
     3.229
     3.033
     3.835
     3.104
     4.380
     2.207
     5.654
     2.219
     3.123
     3.290
     2.549
     1.711
     3.588
     3.718
     2.273
     3.866
     2.793
     3.299
     2.951
     2.911
     3.933
     2.189
     4.031
     3.835
     2.853
     3.453
     1.828
     3.035
     2.118
     4.634
     2.463
     2.145
     2.856
     2.433
     5.502
     2.762
     3.020
     3.883
     3.038
     2.788
     4.074
     3.001
     3.301
     3.664
     2.390
     3.599
     3.832
     4.448
     2.934
     2.600
     2.120
     4.308
     2.602
     3.394
     1.972
     2.875
     3.151
     3.710
     3.597
     3.405
     3.293
     2.662
     3.286
     1.484
     3.637
     2.319
     5.257
     3.011
     1.603
     2.529
     3.220
     2.576
     2.757
     4.448
     2.862
     1.802
     2.890
     2.124
     1.720
     3.567
     2.968
     4.714
     2.674
     3.182
     3.009
     3.763
     4.808
     2.224
     2.653
     3.001
     2.065
     3.058
     2.002
     2.280
     2.417
     3.300
     3.934
     3.298
     3.029
     3.148
     3.270
     4.602
     2.540
     3.459
     2.856
     3.599
     2.643
     3.908
     3.016
     2.223
     2.585
     2.898
     4.113
     3.071
     3.070
     3.430
     3.044
     2.640
     3.091
     2.789
     2.333
