   -13.803
   -14.823
    -7.128
    -2.423
    -0.066
    -2.227
    -9.628
    -0.017
    -2.756
    -3.318
   -18.356
    -7.256
    -6.883
    -0.854
    -7.080
    -6.151
    -0.122
    -7.857
    -3.269
    -3.361
    -4.576
    -2.282
    -4.519
    -8.687
    -7.672
    -8.452
    -2.396
    -3.170
    -2.082
    -4.355
    -8.192
    -7.134
    -3.583
    -8.314
    -0.847
   -16.769
    -0.787
    -7.438
   -13.176
    -4.866
    -4.656
    -8.046
   -12.814
    -9.817
    -2.773
    -8.375
    -6.410
    -3.184
    -6.445
    -9.889
   -15.995
   -10.229
    -7.638
    -1.784
    -0.091
   -10.263
    -3.398
   -11.184
    -8.658
    -5.669
    -6.831
    -2.117
   -15.410
   -14.448
    -2.977
    -5.323
    -6.542
    -4.941
    -8.285
    -5.787
    -7.654
   -14.560
    -3.523
    -4.201
    -3.731
    -7.428
   -11.265
    -3.716
    -9.948
    -9.111
    -3.770
    -5.679
    -3.393
    -7.368
    -0.066
   -12.096
   -10.692
   -14.000
    -9.783
    -8.554
    -8.351
    -0.848
    -3.916
   -20.393
    -1.660
    -7.786
   -10.415
    -8.276
    -6.766
   -12.488
    -1.749
    -2.224
   -17.506
    -6.622
   -13.008
    -5.458
    -1.899
    -0.106
   -28.414
    -7.639
    -9.785
    -8.177
    -7.366
    -5.867
   -24.049
    -7.410
    -3.813
    -5.670
    -4.355
    -8.865
    -7.414
   -15.808
    -3.689
    -5.780
   -14.827
    -7.318
    -7.157
   -10.270
    -7.385
    -5.184
    -0.786
    -3.542
   -11.772
    -9.239
    -7.654
    -0.078
    -7.301
    -7.326
    -8.388
    -9.801
    -7.183
    -5.379
    -3.261
   -12.443
    -7.270
    -6.210
   -13.945
    -0.783
    -7.081
    -7.129
    -6.420
    -7.962
    -4.929
    -8.127
   -16.161
    -7.608
    -0.110
    -6.448
    -5.563
   -16.601
    -0.092
    -1.987
    -4.120
    -5.000
    -3.398
    -4.932
    -4.512
    -3.260
    -6.917
    -4.275
    -3.034
    -7.055
    -0.240
    -2.040
   -15.336
    -3.864
   -13.771
   -18.201
    -4.061
   -13.109
    -2.270
   -16.882
    -3.551
   -23.565
    -7.329
   -10.654
    -3.156
    -2.613
   -26.048
   -13.149
   -16.243
    -3.659
   -25.714
    -8.475
   -12.997
    -7.419
    -3.900
    -6.634
    -2.977
   -11.962
    -7.962
   -10.438
    -7.261
   -22.767
   -23.235
    -0.093
   -13.106
    -7.020
    -5.090
    -2.498
    -0.319
   -14.003
    -7.038
   -14.211
   -11.367
    -6.971
    -6.876
    -6.663
    -1.216
    -0.164
    -1.851
    -1.300
    -5.499
    -8.406
   -11.679
    -3.193
    -0.356
    -4.248
   -20.746
    -0.122
    -3.369
   -17.498
    -0.799
    -5.392
    -1.857
    -7.621
   -10.170
   -23.176
    -5.742
    -3.011
   -13.341
    -3.612
   -11.145
    -3.981
    -4.576
    -3.916
    -3.250
    -0.057
    -4.410
   -18.042
    -3.258
    -0.090
   -12.700
    -9.277
    -6.509
    -6.548
   -20.941
    -3.597
    -7.033
    -3.413
    -0.155
    -7.052
    -4.543
    -0.777
    -0.099
    -1.915
    -2.475
    -8.239
    -8.316
    -8.349
    -7.878
    -1.951
    -8.340
    -1.998
    -0.834
   -10.382
    -0.831
    -6.911
    -8.126
    -1.135
   -14.309
    -4.590
    -0.076
    -7.342
    -3.087
    -2.994
   -15.101
    -6.400
    -7.650
   -12.874
    -3.221
    -9.477
    -6.740
    -7.496
    -9.423
    -1.888
    -3.288
    -2.240
    -0.109
    -7.861
   -13.178
   -21.557
    -1.663
    -2.985
    -2.001
    -5.978
   -14.355
   -11.040
    -4.706
    -8.020
    -2.513
    -3.960
    -9.926
    -8.719
    -7.340
   -12.519
    -5.940
    -4.729
   -15.994
    -8.498
    -3.719
    -4.675
    -6.557
   -12.300
    -3.244
    -2.941
    -3.401
    -7.827
   -10.618
    -5.323
    -2.185
   -17.924
   -10.034
    -5.706
    -6.903
    -3.042
    -8.797
   -13.339
    -5.470
    -6.766
    -3.208
    -7.558
    -7.639
    -7.649
    -8.542
    -3.282
    -3.747
    -2.926
    -7.769
   -13.038
    -6.754
    -7.627
    -0.863
    -5.584
    -3.856
    -8.829
    -1.940
    -2.328
   -14.537
    -2.479
    -3.603
    -8.517
    -3.926
    -8.855
    -0.077
    -7.511
    -4.791
    -1.863
    -8.092
   -12.071
    -7.015
   -13.648
    -8.372
   -12.201
   -12.472
    -0.874
   -17.843
    -5.718
    -0.135
   -12.820
    -5.005
   -13.923
    -4.939
    -0.151
    -7.086
    -5.371
    -8.169
    -5.608
   -15.446
    -7.211
    -3.323
    -3.671
   -11.096
    -8.067
    -3.287
    -1.852
    -0.081
    -5.180
    -5.557
    -5.116
    -4.099
    -8.587
    -0.868
    -3.331
    -7.892
   -16.189
    -6.944
    -6.576
    -6.384
    -7.868
   -10.451
    -6.692
    -0.095
    -9.746
    -3.592
    -2.447
    -3.179
    -6.826
    -4.481
    -4.144
    -7.072
    -4.153
    -7.684
    -8.271
    -0.890
    -3.768
   -26.461
    -8.541
    -2.798
    -0.118
    -3.364
   -12.487
   -23.919
   -12.227
    -2.231
    -0.091
   -11.397
   -13.382
   -13.592
    -4.552
    -6.406
   -11.118
    -4.383
    -9.138
    -4.435
    -9.847
    -6.351
    -7.474
    -6.999
    -3.307
    -7.372
    -0.184
    -7.128
    -8.700
    -3.588
    -0.075
   -17.678
   -15.252
   -12.718
    -7.842
    -7.005
    -4.553
    -8.363
   -26.497
    -6.375
    -3.524
   -14.717
    -7.315
    -7.616
    -7.407
    -4.591
    -6.788
   -10.039
   -10.239
    -0.092
    -3.452
    -8.059
   -10.886
    -6.746
   -19.101
    -5.761
    -0.096
    -6.144
   -12.320
    -7.098
    -3.544
    -3.273
    -5.633
    -7.971
    -5.107
    -2.234
    -4.124
    -1.510
    -7.342
    -0.134
   -10.224
    -6.627
    -1.949
    -3.010
   -13.191
    -7.978
    -1.889
    -6.640
   -14.273
    -3.571
    -6.123
   -13.200
    -5.380
   -12.874
    -2.428
    -0.088
    -7.559
    -6.494
   -21.556
    -7.118
    -0.125
   -15.012
   -11.437
    -7.241
    -8.143
    -6.356
    -3.291
    -0.214
    -0.798
    -5.198
    -4.143
    -2.297
   -16.641
    -3.995
    -2.522
    -8.125
    -8.298
    -3.438
    -3.012
   -14.464
    -2.962
   -15.003
    -5.670
    -7.267
    -0.849
    -0.104
    -7.088
    -6.857
    -6.666
    -8.581
    -3.716
    -3.157
    -1.236
    -0.102
    -3.720
   -22.216
    -7.344
    -6.317
    -7.611
    -0.253
   -17.900
    -6.745
    -4.676
    -2.766
    -2.965
    -7.987
    -7.304
   -10.703
    -4.009
    -1.941
    -2.319
    -5.445
    -5.721
    -4.847
    -3.408
   -11.148
    -2.215
    -7.144
    -0.964
    -5.941
    -5.726
   -15.279
    -6.883
   -17.419
    -7.334
    -5.592
    -8.174
    -3.011
    -3.227
    -8.353
    -7.074
    -4.087
   -16.816
   -17.589
   -12.053
    -3.660
    -9.962
    -0.819
    -4.739
    -5.780
   -10.131
    -0.042
    -4.387
    -2.921
    -2.368
    -7.453
   -10.898
   -20.016
   -13.307
    -9.711
    -4.600
    -6.443
   -17.153
    -1.845
    -3.007
   -12.200
    -1.185
    -4.170
    -9.000
    -4.402
   -10.471
   -12.506
   -15.087
    -3.352
    -9.348
    -0.096
    -2.793
   -20.338
    -5.331
    -3.606
    -4.266
    -2.217
    -0.843
    -3.125
    -3.731
    -2.292
    -7.740
    -5.689
    -7.371
    -5.844
    -8.018
   -10.208
   -25.564
    -8.936
    -6.221
    -8.679
    -7.365
