0.00050383516329	0.00006028390502
0.00046124815913	0.00006847346641
0.00060127911935	0.00004809838961
0.00012139428479	0.00001885367214
0.00006421707737	0.00000119946826
0.00018475194973	0.00002580318782
0.00045375648021	0.00004241083356
0.00005047258497	0.00000088415580
0.00026693551908	0.00002734829908
0.00035845147339	0.00003866237615
0.00064739422768	0.00005908700442
0.00039265550311	0.00004944556839
0.00037351765522	0.00004951886695
0.00029126569640	0.00001135350110
0.00046134072107	0.00004381328784
0.00024484710073	0.00003390318495
0.00004265262741	0.00000415776121
0.00029266770945	0.00003705830365
0.00036444403664	0.00003940461944
0.00038359529018	0.00003931328080
0.00026151053513	0.00003206390063
0.00023459514735	0.00002734491737
0.00058113269196	0.00004559608750
0.00060863953477	0.00004298458734
0.00062359133922	0.00005832020714
0.00030067753117	0.00004048486847
0.00023804079851	0.00003101129289
0.00020644334117	0.00002663028990
0.00016223064297	0.00001741972944
0.00027865271950	0.00003321852400
0.00045051731741	0.00004218056548
0.00029349293141	0.00003550519381
0.00024876879603	0.00003810261034
0.00056643727102	0.00006633359625
0.00019140879396	0.00001250673828
0.00089268433655	0.00008528161373
0.00014733453501	0.00000906416722
0.00047956043405	0.00005467503731
0.00050331303695	0.00006341444685
0.00027397422758	0.00003117333903
0.00030888364174	0.00002759035245
0.00066797478063	0.00006667991433
0.00069677243828	0.00007368810375
0.00050726620983	0.00005497766863
0.00018193710718	0.00001740484633
0.00059366682403	0.00005924036902
0.00062249038581	0.00003770392454
0.00033968336645	0.00003989448765
0.00034123318822	0.00004104842700
0.00069857526637	0.00006817298674
0.00065959366944	0.00006957995424
0.00044275527354	0.00005292299821
0.00046887948676	0.00003879622150
0.00033457396690	0.00002414806437
0.00006118605182	0.00000239775301
0.00059211200896	0.00005567433090
0.00028797799201	0.00002820188360
0.00067152237297	0.00007125178040
0.00049495871338	0.00004784684591
0.00031940732504	0.00003214307270
0.00043096967369	0.00004597205955
0.00033101160629	0.00002856685620
0.00061767542373	0.00006528663716
0.00056281757945	0.00006497922025
0.00031111741617	0.00002199590563
0.00027612203315	0.00002895847401
0.00041329547080	0.00004510258842
0.00029635984863	0.00003068777435
0.00049245284345	0.00005826997956
0.00044956550664	0.00004187186469
0.00053275796346	0.00005866804641
0.00053417911986	0.00006894665887
0.00014096082755	0.00002607986764
0.00032476623485	0.00005015589839
0.00042886245413	0.00002932978010
0.00048115253544	0.00004005052891
0.00063472454473	0.00005848031733
0.00024451477756	0.00003229094466
0.00066012924384	0.00006567953876
0.00064825667120	0.00006262182177
0.00042298528588	0.00003934782049
0.00037784397465	0.00003436298310
0.00040160009215	0.00004457512965
0.00058302563663	0.00004978112129
0.00004954650396	0.00000043454955
0.00061355682099	0.00005745355532
0.00063234756366	0.00006727947082
0.00072422748087	0.00005519123687
0.00055981694936	0.00005021934440
0.00051619843099	0.00003676869096
0.00045726404665	0.00003767756405
0.00021368612802	0.00001232228370
0.00018713370252	0.00002867159381
0.00059542045257	0.00006351685542
0.00029445730636	0.00002271100818
0.00039899568736	0.00004556253676
0.00058065134105	0.00005768115295
0.00055657677942	0.00005949237674
0.00035802286894	0.00003680043999
0.00058880237815	0.00005984810557
0.00017118726042	0.00001532968469
0.00028480382225	0.00002985588303
0.00060848631970	0.00006897776422
0.00040546718553	0.00004458511636
0.00070691790832	0.00006178410612
0.00034061250152	0.00003795045810
0.00023777612108	0.00002356001587
0.00007919225674	0.00000259329724
0.00117419589266	0.00010873215018
0.00056684638267	0.00007554110456
0.00049923868214	0.00005078282543
0.00052339224368	0.00003716730479
0.00040393654352	0.00004646728768
0.00029649929652	0.00003651343403
0.00096651962798	0.00009531646027
0.00099339134375	0.00004386858648
0.00037103541572	0.00004651178078
0.00025960302077	0.00002930679453
0.00042459508792	0.00005146494268
0.00054377133264	0.00004591204144
0.00047256016996	0.00004998402627
0.00077203533771	0.00006319289434
0.00020243881450	0.00002666881130
0.00055480382216	0.00003763014224
0.00057979184827	0.00007336654520
0.00027906747626	0.00003139683853
0.00034513290383	0.00003935760147
0.00073391964376	0.00007367618017
0.00038894036737	0.00004423924999
0.00049446533822	0.00004672332073
0.00020372067117	0.00001273431239
0.00033305890038	0.00003082937429
0.00068273323122	0.00007660170850
0.00049846092209	0.00006439863291
0.00053570918369	0.00005921659413
0.00005462929203	0.00000188644394
0.00057333626938	0.00004294186095
0.00041607018360	0.00004811101172
0.00039538065046	0.00004148583116
0.00046678481062	0.00006875706675
0.00029697069706	0.00004118138309
0.00047942943708	0.00006369108616
0.00036834831501	0.00004326821366
0.00038747535784	0.00005450565760
0.00036790984918	0.00004186767705
0.00027941494305	0.00003824654407
0.00075230131772	0.00006587421062
0.00012675062153	0.00000454689084
0.00040446494984	0.00004137151466
0.00038109671701	0.00004228416836
0.00046157241450	0.00005121887036
0.00052846159036	0.00005184150296
0.00057260277833	0.00004921957517
0.00064942084719	0.00005198172369
0.00066337671188	0.00006690700874
0.00034713476324	0.00003337466334
0.00007445695488	0.00000276364847
0.00039835980193	0.00004499283748
0.00031028688178	0.00003525049663
0.00049413094194	0.00006064878090
0.00006005438470	0.00000201672645
0.00021271826257	0.00002738805521
0.00028485302935	0.00003318767613
0.00042605098868	0.00002844571535
0.00033016311546	0.00003100169648
0.00033549629729	0.00003212421990
0.00039259732862	0.00003977252562
0.00043348969027	0.00003838060799
0.00034627398215	0.00004379304378
0.00023549256159	0.00003193865085
0.00027005983517	0.00002171636636
0.00047009768247	0.00004529543398
0.00006636674995	0.00001023701609
0.00037843453453	0.00002248098202
0.00045587047940	0.00005878212116
0.00035628590158	0.00004764796864
0.00057382902158	0.00006016242719
0.00097382863145	0.00006279099366
0.00020743466113	0.00003155187550
0.00065962973662	0.00005603786630
0.00028921684909	0.00002736178761
0.00060132193028	0.00007574036621
0.00038071087323	0.00004334119820
0.00069743997154	0.00008930532720
0.00032762445040	0.00003939537919
0.00066520813072	0.00004609559447
0.00014130187681	0.00002360505114
0.00032509563966	0.00001701240788
0.00061705050176	0.00010517237625
0.00052933758258	0.00005108573231
0.00053185097112	0.00007777593841
0.00049278398361	0.00004204386337
0.00067453186337	0.00008863986700
0.00061776317869	0.00006316292222
0.00062253985500	0.00005385186646
0.00054977575480	0.00006090209113
0.00040876665968	0.00003850720247
0.00055492986201	0.00004530739333
0.00024296762383	0.00002711358412
0.00072015859179	0.00005607900628
0.00055576142717	0.00004809596549
0.00065871306119	0.00007442003717
0.00044383977356	0.00004806021180
0.00067156107456	0.00007905758050
0.00079035698650	0.00008135419964
0.00007222272673	0.00000214815921
0.00048833661058	0.00004955639455
0.00047254024505	0.00003931470962
0.00042940551798	0.00003403138986
0.00020053041589	0.00002697354268
0.00017032841219	0.00000631596981
0.00057239037658	0.00006668265457
0.00038040821640	0.00003513279842
0.00077406867879	0.00008969113499
0.00050584592046	0.00006139411642
0.00052296987212	0.00005702309239
0.00041500658927	0.00004348215685
0.00050390559712	0.00004250562043
0.00012175830021	0.00001835494831
0.00007881131664	0.00000327956419
0.00029265732778	0.00000034784088
0.00013895831149	0.00000943465748
0.00047136789316	0.00006294201916
0.00042688756812	0.00003390423039
0.00060319809638	0.00005892775683
0.00042223561048	0.00003629115912
0.00007444109263	0.00000726845369
0.00043717099921	0.00004990743017
0.00081777194056	0.00007719877803
0.00007439719000	0.00000273836553
0.00032524437320	0.00003678607340
0.00068104477964	0.00006239586025
0.00017718738350	0.00001307603689
0.00034859742621	0.00003693203970
0.00020800346179	0.00001702563152
0.00062896120569	0.00005687580924
0.00069684872403	0.00007880326819
0.00081305268932	0.00008502746066
0.00025206148491	0.00002496633754
0.00050841858837	0.00003485616999
0.00069083497310	0.00005110464022
0.00042888846225	0.00003258864404
0.00061106330090	0.00005855420994
0.00019270071347	0.00002617664475
0.00028295340491	0.00002622562790
0.00037693095996	0.00002960615695
0.00026603320387	0.00002748663304
0.00005727387962	0.00000116232645
0.00038505911427	0.00002767014506
0.00071582139626	0.00007172795858
0.00025895753309	0.00002417706717
0.00006193688463	0.00000197014235
0.00053145699392	0.00006322809971
0.00060802339019	0.00005864317053
0.00047178289757	0.00004942474908
0.00054430972026	0.00005950600475
0.00071707430922	0.00006877751970
0.00021058713727	0.00003356863552
0.00045233083271	0.00004969018031
0.00028483869754	0.00002967875031
0.00009280391619	0.00000284895422
0.00027647752641	0.00003357630695
0.00024172630790	0.00002917581115
0.00018903662572	0.00001085903764
0.00008640699276	0.00000251566616
0.00028776854049	0.00001951006611
0.00027516164323	0.00002969497432
0.00061737286445	0.00005879119714
0.00065432605533	0.00004668414064
0.00047589601853	0.00005042014542
0.00045673951033	0.00004361749311
0.00018534418428	0.00002785132926
0.00036906531336	0.00004669470679
0.00017698432642	0.00002332213055
0.00016501685981	0.00001247768392
0.00067617300162	0.00007220691292
0.00010224107667	0.00001436012013
0.00038721125823	0.00004157204251
0.00051853235250	0.00006627791988
0.00025066276806	0.00001228371715
0.00070316988724	0.00005706364671
0.00045239118647	0.00003312773425
0.00005260126767	0.00000167402661
0.00027063570391	0.00003071764486
0.00036846888863	0.00003435102356
0.00030383962235	0.00001795619361
0.00052417825058	0.00007123885386
0.00038900528636	0.00003238062208
0.00040506623046	0.00003341508317
0.00049460323823	0.00006693468517
0.00033319650518	0.00003577820274
0.00057980721867	0.00005345772126
0.00043537724729	0.00004708402728
0.00042841724888	0.00003687566371
0.00048377048713	0.00004921275878
0.00019374076030	0.00001917206022
0.00023490926892	0.00003247303908
0.00021190011266	0.00002766744760
0.00006435806703	0.00000158485479
0.00049999119770	0.00004052163821
0.00072958791268	0.00006729083945
0.00070426444152	0.00007194990118
0.00031874023552	0.00001950998254
0.00035204659055	0.00002292013045
0.00023889947653	0.00002989327554
0.00058096954156	0.00005722007523
0.00052972769153	0.00006504224255
0.00059802998116	0.00005590542208
0.00024463411332	0.00002595932130
0.00061305632950	0.00005842247510
0.00015823386697	0.00002383109576
0.00046492260823	0.00004160015870
0.00053776261403	0.00005108774274
0.00069474344441	0.00006440077887
0.00038489564382	0.00003931122561
0.00045840885799	0.00005580597406
0.00031820402431	0.00003493087181
0.00044712251947	0.00003370909985
0.00063635218060	0.00005788375487
0.00054907781326	0.00005903958004
0.00033110598463	0.00002533324352
0.00028549665776	0.00002663148508
0.00043822126785	0.00003446919882
0.00057606813779	0.00006336498896
0.00026410847460	0.00003100485299
0.00028140548888	0.00002855543421
0.00040329399477	0.00004370682195
0.00061453698606	0.00005848587393
0.00050805070880	0.00006346686022
0.00032675313415	0.00003571752975
0.00016472055551	0.00001747144990
0.00065116953686	0.00008118954593
0.00058214811501	0.00004682482816
0.00031189884216	0.00004166698258
0.00029053727042	0.00003754027882
0.00036088208614	0.00003477666997
0.00057138246563	0.00004989433551
0.00060569176955	0.00005877772923
0.00046916558002	0.00006279146215
0.00043778328807	0.00004846924898
0.00039583229533	0.00003716863228
0.00056858817900	0.00004364965534
0.00049603974410	0.00004676682171
0.00055217136088	0.00004345069920
0.00058417410844	0.00006942736282
0.00027445309922	0.00003139200857
0.00037580919772	0.00003944409977
0.00043636903268	0.00002158405245
0.00028107773445	0.00003865564194
0.00059259951996	0.00006124089082
0.00055089043574	0.00004558859123
0.00058997014600	0.00006267706570
0.00016138780520	0.00001029562223
0.00051317439770	0.00006330046948
0.00032896737887	0.00003786967138
0.00063108356257	0.00005162954029
0.00013798309638	0.00001044735532
0.00032134816786	0.00002266805893
0.00066567383825	0.00006061557390
0.00030170935672	0.00002073942040
0.00027868082357	0.00003897170111
0.00060031814820	0.00006016431797
0.00043348957186	0.00004108718657
0.00050512156423	0.00005521670568
0.00006050875116	0.00000173063113
0.00053679850217	0.00005748644945
0.00034831758907	0.00003009112619
0.00025427214480	0.00001821087801
0.00054639742832	0.00005231023756
0.00060142429303	0.00005870292385
0.00045008716360	0.00004507136444
0.00080570312371	0.00006855816488
0.00055783794616	0.00006146432385
0.00057073529742	0.00005244534547
0.00052502086521	0.00006464856062
0.00024753852308	0.00001194942641
0.00051126441975	0.00005787825051
0.00039986998437	0.00003485135721
0.00007278296941	0.00000291955367
0.00064596822019	0.00007669479249
0.00037765215952	0.00003814795432
0.00087035941942	0.00007539844355
0.00029693738819	0.00003304719679
0.00008046183380	0.00000268677024
0.00023898849749	0.00002661038561
0.00045903479585	0.00005811810674
0.00054521515818	0.00004478957374
0.00041424301754	0.00004414807918
0.00060877152967	0.00006889219169
0.00039500113854	0.00004345225031
0.00032276367082	0.00002852376133
0.00029058956636	0.00002715841536
0.00054852081415	0.00005267547023
0.00058192039216	0.00006531166048
0.00037953830202	0.00004406004150
0.00022791224788	0.00001932087029
0.00007325394937	0.00000168447974
0.00045235218927	0.00004594650581
0.00033713956465	0.00003346211867
0.00046495073558	0.00004500833375
0.00030182701643	0.00004864289352
0.00054105216389	0.00005592452992
0.00017387945085	0.00001073110927
0.00024753777429	0.00002662825260
0.00047308835225	0.00003998656408
0.00084153304902	0.00007311591748
0.00046998361101	0.00004240503679
0.00038330143703	0.00004168371761
0.00033802219080	0.00004453288776
0.00062029417093	0.00006187105435
0.00056042920305	0.00006093025375
0.00042660883089	0.00004771266881
0.00007641637354	0.00000243175813
0.00069861088736	0.00007631754043
0.00030871016090	0.00002961664947
0.00024608422430	0.00003040506370
0.00038808751309	0.00003454493129
0.00044141847917	0.00005676265070
0.00053226456503	0.00004194821849
0.00041957686439	0.00003966466958
0.00043839829869	0.00004243703338
0.00038582417148	0.00004442259200
0.00055747542694	0.00005971263531
0.00046509983068	0.00005452045850
0.00018186237344	0.00001429522604
0.00022707426806	0.00002547097112
0.00061288001772	0.00008272892723
0.00036901679515	0.00004475190482
0.00017485945319	0.00002418169545
0.00007740124476	0.00000247833061
0.00029482772420	0.00003215562678
0.00053492776445	0.00005993722884
0.00079577227038	0.00008569719755
0.00061260468746	0.00006421870208
0.00023041367611	0.00002999443897
0.00006671603103	0.00000193816319
0.00060310268060	0.00006085344146
0.00048953351335	0.00006496801601
0.00061547554643	0.00004896211501
0.00058832154680	0.00003141693911
0.00050155220627	0.00006092921112
0.00055168962355	0.00005425276903
0.00038257744928	0.00005004040923
0.00066476295000	0.00006290549655
0.00041829827513	0.00004773410863
0.00050039625789	0.00006145431806
0.00048559468736	0.00003975212308
0.00059148247555	0.00006801591581
0.00068548162640	0.00004837862948
0.00046242107394	0.00003323880854
0.00042851065194	0.00003625412299
0.00009073347877	0.00000247596244
0.00031923677085	0.00004299326279
0.00067828641018	0.00006050478828
0.00030972048491	0.00003120813095
0.00006297678440	0.00000201129628
0.00049905634575	0.00006804218327
0.00050261440419	0.00006939286084
0.00061610555407	0.00006355874682
0.00046810459104	0.00006051741103
0.00041332423215	0.00003713164185
0.00049143782649	0.00004035620763
0.00052854328880	0.00005361176974
0.00101735268965	0.00008868662196
0.00032675723582	0.00003443126844
0.00044183021586	0.00004348451557
0.00087930742291	0.00007116190428
0.00058438774099	0.00006064582341
0.00055763365900	0.00007360673684
0.00048417799377	0.00004568672937
0.00047729680648	0.00005414911856
0.00053290703099	0.00006787373413
0.00054518793211	0.00005133365803
0.00071635263530	0.00007030004279
0.00006786918263	0.00000176984866
0.00028316241033	0.00002699698462
0.00038635101045	0.00003964242240
0.00058852301460	0.00005688611682
0.00037735116974	0.00003346616923
0.00064057637143	0.00007403420011
0.00022544648087	0.00002463336158
0.00007344377247	0.00000226880293
0.00048167816022	0.00005330944888
0.00052553907346	0.00006099175366
0.00034811506987	0.00003297237393
0.00025266699201	0.00002776254555
0.00034292581782	0.00003945523428
0.00049476274554	0.00005383452644
0.00069543341973	0.00006331856839
0.00058576574561	0.00005396749927
0.00025883219288	0.00002965074005
0.00036395941857	0.00003507188322
0.00027685051145	0.00001761025111
0.00030398748409	0.00003365905820
0.00009371761451	0.00000257274827
0.00072959247243	0.00007428704788
0.00061196797318	0.00004229107462
0.00016568900053	0.00002200085373
0.00024367484472	0.00002690679231
0.00063624075636	0.00005905185505
0.00041750539139	0.00003831771423
0.00021276947647	0.00002685267660
0.00037508158072	0.00003822018157
0.00059696971474	0.00005895928773
0.00039231697929	0.00004124684996
0.00026911517340	0.00004066389520
0.00067960723062	0.00005505892309
0.00047832115038	0.00004602045447
0.00076116642068	0.00006478919687
0.00032048589225	0.00003214642925
0.00006788045031	0.00000183077291
0.00043801679563	0.00004622666031
0.00052265487630	0.00005461000017
0.00109489367404	0.00006334038968
0.00056029548117	0.00005816620845
0.00008818764159	0.00000250981009
0.00054589370311	0.00006745525236
0.00047834578897	0.00006188414147
0.00046508320681	0.00004469186686
0.00061591469245	0.00005743837832
0.00037873777334	0.00003419047775
0.00037991593188	0.00004447725002
0.00004568572923	0.00000010344854
0.00014754892918	0.00001130733452
0.00035533796601	0.00004502815605
0.00027547412971	0.00002784007408
0.00028832544728	0.00001989562167
0.00049696601700	0.00006823533673
0.00036624956044	0.00004098289055
0.00023981415610	0.00002011040382
0.00043032827246	0.00005892246404
0.00056290699206	0.00004784037097
0.00045483117846	0.00001585283344
0.00026531354874	0.00001841360206
0.00063565658887	0.00008636444528
0.00037692002839	0.00002933230525
0.00062942775645	0.00005770881622
0.00031749345159	0.00003174851869
0.00043289660413	0.00003783797645
0.00018146636702	0.00001239375520
0.00008101778324	0.00000261865552
0.00033873800999	0.00003431161265
0.00056089913020	0.00003652185122
0.00053106909750	0.00005139811707
0.00058408827926	0.00008735527717
0.00032975456507	0.00003505226602
0.00032428526081	0.00003757846014
0.00018365729882	0.00000608425563
0.00007785590132	0.00000247075696
0.00036192596728	0.00003244414584
0.00080675451349	0.00006749077605
0.00041093843795	0.00004470540499
0.00046455867657	0.00003651884139
0.00064602652699	0.00006202492700
0.00004120443404	0.00000009749014
0.00053266862290	0.00006731357426
0.00037325243779	0.00005617246446
0.00026436829697	0.00003068189064
0.00017133158217	0.00002266526729
0.00021532630781	0.00003450295709
0.00056603823542	0.00004951127302
0.00035118585370	0.00003881561718
0.00064833022644	0.00006762873071
0.00026728159353	0.00003166284519
0.00016595833928	0.00002416730574
0.00025495769215	0.00002884077108
0.00047767081018	0.00006332728424
0.00023183590462	0.00002514097948
0.00026478981311	0.00003135878560
0.00041062047425	0.00004300025380
0.00072339501715	0.00007852043755
0.00029400222476	0.00003161461848
0.00025934984418	0.00002978832510
0.00020719003874	0.00001298966867
0.00050547134869	0.00006873229078
0.00042983104889	0.00003493680739
0.00071983436903	0.00006401551132
0.00059845534822	0.00006550780388
0.00068247668232	0.00006925485530
0.00031267576985	0.00004487638425
0.00035076584372	0.00004292646158
0.00055475473768	0.00006526552327
0.00032267168711	0.00002302080941
0.00034737039146	0.00004039073359
0.00075218746070	0.00004976117790
0.00035026630777	0.00003960431874
0.00035427948568	0.00003051309152
0.00044780757155	0.00005854886848
0.00080157512973	0.00008397104398
0.00114161962766	0.00006636861412
0.00032155167700	0.00004094595673
0.00071248775593	0.00008059669697
0.00019345229397	0.00001315437313
0.00030308521628	0.00003198313156
0.00020986816944	0.00002110096954
0.00055627537585	0.00004742356066
0.00005267777871	0.00000070661106
0.00049956673078	0.00004854194449
0.00033120559242	0.00002976008886
0.00037169298435	0.00003077167879
0.00038891720151	0.00003408131710
0.00048381068351	0.00006250428775
0.00064087196632	0.00007897351919
0.00078040596980	0.00006863350893
0.00064413184762	0.00007306749102
0.00031978955484	0.00002893190693
0.00033952023619	0.00003216124473
0.00056181839301	0.00007756514927
0.00039116584572	0.00002405238254
0.00024989494511	0.00002868476251
0.00066810136483	0.00007199956317
0.00017093255852	0.00000596081983
0.00035242607537	0.00005314584995
0.00077792605103	0.00004775753837
0.00043354641940	0.00004900084102
0.00062190902079	0.00006018801173
0.00040602175730	0.00004948691416
0.00059551937489	0.00007285360343
0.00035251212697	0.00003682581896
0.00070067350134	0.00006944142826
0.00007156142987	0.00000222362706
0.00021257790332	0.00002443755574
0.00061262191876	0.00007583658659
0.00051535040218	0.00003119531931
0.00022931818424	0.00003351813718
0.00036447565679	0.00005233793606
0.00018150036784	0.00002439666116
0.00019908147208	0.00001281350207
0.00023148760928	0.00001582016171
0.00038336253225	0.00004311902129
0.00023594807997	0.00001900598381
0.00044994352109	0.00004748227048
0.00030365311346	0.00002952429755
0.00034509682318	0.00003830299083
0.00055015739013	0.00006308965309
0.00056400352481	0.00005820261026
0.00040372526639	0.00004937667207
0.00088383437142	0.00009985257688
0.00062156269868	0.00005376588970
0.00045599121461	0.00005480761719
0.00058473675938	0.00005067340644
0.00050966442649	0.00003991665204
