     1.826
     2.475
     1.310
     2.534
     1.184
     1.646
     1.675
     0.714
     1.343
     1.604
     2.017
     2.609
     1.426
     0.836
     1.398
     1.996
     1.317
     2.347
     1.593
     1.495
     2.216
     1.299
     0.988
     1.175
     1.406
     1.826
     1.305
     1.601
     1.645
     1.303
     1.374
     1.848
     1.575
     1.825
     1.299
     1.188
     1.288
     1.943
     1.456
     2.249
     1.401
     1.456
     1.143
     1.656
     2.436
     1.436
     0.811
     1.760
     1.378
     1.106
     1.453
     1.561
     1.464
     1.235
     1.444
     1.232
     1.084
     1.697
     1.199
     1.295
     1.474
     0.898
     2.322
     2.001
     1.482
     1.504
     1.484
     1.418
     1.915
     1.467
     1.557
     1.944
     2.461
     1.579
     0.978
     1.475
     1.461
     1.431
     1.710
     1.224
     1.326
     1.142
     1.502
     1.513
     1.290
     1.219
     1.507
     1.437
     1.607
     1.331
     1.446
     1.152
     2.407
     2.145
     1.372
     2.163
     1.467
     1.620
     1.845
     1.186
     1.211
     1.240
     2.228
     2.061
     1.172
     1.278
     1.099
     1.578
     1.321
     1.842
     1.406
     1.294
     2.645
     1.595
     1.323
     0.654
     1.470
     1.607
     1.273
     1.903
     1.725
     1.783
     2.146
     1.211
     2.043
     1.849
     1.547
     1.523
     2.602
     1.356
     1.163
     1.444
     1.397
     2.171
     1.556
     1.508
     1.244
     1.360
     1.788
     2.714
     1.571
     1.769
     1.651
     2.230
     1.385
     1.688
     1.035
     1.336
     1.455
     1.385
     1.541
     1.564
     0.966
     0.925
     1.804
     2.092
     1.621
     2.044
     1.394
     2.211
     1.552
     1.369
     1.329
     1.009
     1.444
     1.264
     1.245
     1.337
     1.746
     2.199
     1.642
     1.315
     1.804
     0.964
     2.766
     1.492
     1.300
     1.509
     1.956
     1.329
     1.065
     1.985
     1.522
     2.673
     1.542
     1.284
     2.508
     1.426
     2.992
     1.988
     1.926
     1.208
     2.384
     1.625
     1.469
     1.694
     1.361
     1.374
     1.390
     1.049
     1.080
     1.580
     1.250
     2.516
     1.425
     1.565
     2.141
     1.495
     1.187
     1.538
     0.975
     2.068
     1.803
     1.338
     2.333
     1.066
     1.457
     1.374
     1.835
     2.143
     1.386
     1.216
     1.794
     1.586
     1.814
     1.284
     2.655
     1.273
     1.399
     1.749
     1.804
     1.521
     1.441
     1.236
     1.594
     0.904
     1.637
     1.393
     1.760
     0.770
     1.424
     0.904
     1.334
     2.383
     1.554
     1.206
     1.264
     1.055
     1.136
     2.041
     1.307
     1.364
     1.752
     1.437
     1.398
     1.763
     1.838
     1.882
     1.428
     2.111
     1.634
     2.002
     2.329
     1.300
     1.535
     1.131
     1.164
     1.428
     1.170
     1.717
     1.495
     1.528
     1.672
     1.681
     1.650
     1.604
     2.568
     1.349
     1.560
     1.182
     1.730
     0.954
     1.400
     2.005
     1.139
     1.272
     2.221
     1.653
     1.756
     1.898
     1.733
     1.490
     1.438
     1.628
     1.771
     1.749
     1.528
     1.477
     1.808
     1.392
     1.304
     2.027
     1.279
     1.177
     1.216
     1.421
     2.340
     1.334
     1.835
     1.427
     1.627
     1.252
     1.516
     1.477
     1.809
     1.615
     2.106
     1.422
     1.979
     1.563
     1.348
     2.263
     1.286
     1.488
     1.342
     1.225
     1.503
     1.409
     2.633
     1.257
     1.644
     2.228
     1.369
     2.137
     2.207
     1.221
     1.429
     1.442
     1.830
     1.465
     1.187
     1.321
     1.403
     1.442
     1.533
     1.549
     1.224
     1.018
     2.337
     1.773
     1.294
     1.546
     1.787
     1.652
     1.241
     1.290
     1.435
     0.969
     1.675
     1.248
     1.416
     1.423
     1.591
     1.736
     1.314
     1.544
     2.088
     1.286
     1.516
     1.204
     1.529
     1.367
     1.571
     1.442
     2.399
     1.008
     2.760
     1.121
     1.830
     1.670
     1.153
     0.991
     1.357
     1.984
     2.315
     1.781
     1.346
     2.012
     1.945
     1.463
     1.152
     1.305
     1.797
     1.639
     1.576
     1.441
     1.406
     1.508
     1.490
     1.505
     1.841
     1.505
     1.634
     1.448
     1.501
     1.275
     1.325
     1.470
     1.566
     1.456
     1.749
     1.473
     1.466
     1.764
     1.513
     1.275
     0.993
     1.227
     0.909
     0.950
     1.209
     1.265
     1.520
     1.757
     1.444
     2.334
     2.815
     1.513
     1.697
     1.677
     1.961
     1.398
     1.468
     1.720
     1.335
     1.575
     1.467
     2.396
     2.093
     0.713
     1.917
     1.764
     1.468
     1.224
     1.242
     1.877
     1.448
     1.530
     1.094
     1.127
     1.606
     1.941
     1.694
     1.276
     1.213
     1.212
     2.007
     2.555
     1.131
     1.931
     1.543
     1.141
     1.564
     1.837
     1.961
     1.355
     1.281
     1.591
     1.864
     1.077
     1.118
     1.803
     1.507
     1.489
     1.626
     1.273
     2.249
     1.184
     1.805
     1.970
     2.073
     1.329
     1.893
     2.112
     1.959
     1.373
     1.689
     1.600
     1.309
     1.251
     1.185
     1.405
     1.404
     1.689
     1.353
     1.522
     1.213
     1.988
     1.545
     1.467
     1.655
     1.320
     1.672
     1.839
     1.448
     1.818
     1.330
     1.474
     1.065
     1.027
     1.526
     1.288
     1.793
     1.726
     1.873
     1.220
     1.942
     1.993
     1.315
     1.422
     1.834
     1.615
     1.516
     1.918
     1.552
     2.190
     1.103
     2.827
     1.109
     1.561
     1.645
     1.274
     0.855
     1.794
     1.859
     1.137
     1.933
     1.396
     1.650
     1.476
     1.456
     1.967
     1.095
     2.015
     1.917
     1.427
     1.727
     0.914
     1.518
     1.059
     2.317
     1.231
     1.072
     1.428
     1.216
     2.751
     1.381
     1.510
     1.942
     1.519
     1.394
     2.037
     1.500
     1.651
     1.832
     1.195
     1.800
     1.916
     2.224
     1.467
     1.300
     1.060
     2.154
     1.301
     1.697
     0.986
     1.437
     1.575
     1.855
     1.798
     1.703
     1.646
     1.331
     1.643
     0.742
     1.818
     1.160
     2.629
     1.506
     0.802
     1.264
     1.610
     1.288
     1.379
     2.224
     1.431
     0.901
     1.445
     1.062
     0.860
     1.784
     1.484
     2.357
     1.337
     1.591
     1.504
     1.881
     2.404
     1.112
     1.326
     1.500
     1.033
     1.529
     1.001
     1.140
     1.208
     1.650
     1.967
     1.649
     1.515
     1.574
     1.635
     2.301
     1.270
     1.729
     1.428
     1.800
     1.322
     1.954
     1.508
     1.111
     1.293
     1.449
     2.056
     1.535
     1.535
     1.715
     1.522
     1.320
     1.546
     1.395
     1.167
