   -12.865
   -11.922
    -7.106
    -2.474
    -0.123
    -1.884
    -9.710
    -0.038
    -3.257
    -3.460
   -18.385
    -6.651
    -6.478
    -1.083
    -6.010
    -5.962
    -0.213
    -6.527
    -3.338
    -3.621
    -4.408
    -1.982
    -4.144
    -8.384
    -8.599
    -8.030
    -2.083
    -2.959
    -2.062
    -3.685
    -7.565
    -6.667
    -3.125
    -8.194
    -0.937
   -16.524
    -1.452
    -7.293
   -12.541
    -4.750
    -4.295
    -8.664
   -12.117
    -9.399
    -2.778
    -6.567
    -6.195
    -3.133
    -6.328
    -9.817
   -14.987
    -9.274
    -6.681
    -1.981
    -0.095
    -9.555
    -3.221
   -10.974
    -8.238
    -5.493
    -6.783
    -1.822
   -14.497
   -14.301
    -4.157
    -4.984
    -6.651
    -4.932
    -7.786
    -6.017
    -7.799
   -13.420
    -3.384
    -3.418
    -3.309
    -6.843
   -11.545
    -1.385
    -9.859
    -8.671
    -3.859
    -5.551
    -3.488
    -5.930
    -0.113
   -11.476
   -10.516
   -14.016
    -9.252
    -8.217
    -8.000
    -1.006
    -3.755
   -19.231
    -1.889
    -7.554
    -9.815
    -7.120
    -5.810
   -11.733
    -1.730
    -2.236
   -15.865
    -6.472
   -17.096
    -5.404
    -1.713
     0.008
   -26.543
    -7.817
    -8.981
    -7.766
    -6.408
    -5.999
   -21.843
    -9.055
    -2.957
    -5.436
    -3.563
    -7.809
    -8.518
   -13.959
    -3.642
    -4.766
   -14.220
    -7.088
    -6.777
   -10.748
    -6.729
    -5.083
    -0.987
    -3.473
   -10.899
    -7.735
    -7.816
    -0.057
    -5.720
    -6.603
    -7.948
    -7.542
    -6.590
    -5.310
    -3.142
   -11.562
    -7.127
    -6.066
   -12.678
    -3.307
    -7.006
    -6.726
    -5.628
    -7.920
    -4.115
    -7.862
   -15.569
    -6.941
    -0.082
    -6.354
    -5.223
   -16.073
    -0.058
    -1.668
    -3.127
    -4.893
    -3.328
    -4.998
    -4.503
    -3.703
    -5.568
    -4.364
    -4.194
    -6.936
    -0.291
    -2.207
   -15.218
    -3.153
   -13.067
   -16.212
    -2.812
   -13.260
    -2.169
   -15.773
    -3.596
   -21.030
    -7.175
   -10.489
    -3.101
    -3.641
   -20.675
   -12.498
   -14.218
    -4.148
   -24.694
    -8.145
   -12.752
    -6.594
    -3.975
    -6.941
    -2.736
   -11.392
    -7.368
   -10.891
    -6.563
   -19.765
   -21.372
    -0.058
   -12.445
    -6.367
    -4.163
    -2.008
    -0.488
   -13.348
    -6.346
   -12.972
    -9.814
    -6.151
    -6.707
    -3.478
    -1.270
    -0.080
    -2.436
    -1.433
    -5.397
    -7.969
   -10.881
    -3.174
    -0.485
    -3.839
   -19.239
    -0.059
    -3.501
   -16.632
    -0.879
    -5.188
    -1.954
    -6.723
   -11.007
   -21.246
    -5.449
    -2.735
   -13.370
    -3.272
   -10.668
    -3.908
    -4.090
    -5.557
    -2.701
    -0.116
    -2.770
   -18.823
    -2.760
    -0.115
   -11.969
    -9.433
    -5.906
    -6.723
   -20.215
    -3.127
    -6.720
    -3.490
    -0.041
    -6.560
    -4.335
    -0.912
    -0.014
    -2.083
    -2.105
    -8.929
    -7.547
    -8.178
    -7.633
    -1.634
    -7.332
    -1.658
    -0.806
   -10.360
    -0.933
    -6.566
    -7.329
    -1.296
   -12.727
    -5.538
    -0.089
    -7.099
    -2.853
    -4.505
   -14.251
    -5.738
    -6.694
   -11.844
    -3.378
    -9.344
    -6.691
    -6.912
    -8.824
    -1.968
    -3.071
    -1.952
     0.002
    -7.136
   -12.742
   -21.372
    -1.874
    -4.298
    -1.684
    -5.907
   -12.082
   -10.687
    -4.254
    -8.684
    -2.354
    -3.952
    -9.844
    -8.532
    -6.419
   -11.886
    -5.798
    -4.771
   -16.260
    -8.994
    -4.319
    -4.701
    -6.671
   -11.338
    -2.628
    -2.679
    -3.486
    -8.174
    -8.191
    -5.326
    -2.192
   -17.192
   -10.118
    -5.609
    -6.048
    -2.839
    -8.641
   -12.436
    -5.355
    -6.416
    -3.018
    -6.985
    -4.469
    -9.450
    -7.620
    -2.189
    -3.269
    -4.295
    -6.492
   -12.409
    -7.952
    -8.342
    -0.906
    -5.703
    -3.299
    -8.511
    -2.961
    -2.200
   -13.831
    -4.351
    -3.146
    -8.477
    -4.253
    -8.865
    -0.113
    -7.928
    -5.110
    -1.991
    -7.862
   -11.342
    -1.897
   -17.684
    -8.127
   -11.564
    -9.983
    -1.065
   -15.420
    -5.483
    -0.094
   -11.254
    -5.091
   -12.846
    -4.862
    -0.084
    -6.580
    -5.459
    -7.293
    -5.707
   -15.607
    -6.760
    -2.880
    -2.867
   -10.376
    -7.855
    -3.209
    -1.971
    -0.094
    -5.024
    -5.090
    -5.148
    -3.285
    -8.592
    -0.926
    -2.563
    -7.029
   -15.534
    -7.087
    -6.903
    -6.083
    -8.846
    -8.794
    -6.549
    -0.094
    -8.721
    -3.562
    -2.147
    -3.130
    -6.051
    -4.479
    -3.627
    -6.881
    -3.802
    -7.858
    -7.984
    -0.892
    -3.648
   -25.257
    -8.086
    -2.441
    -0.100
    -3.481
   -11.639
   -22.122
   -11.462
    -1.902
    -0.044
   -10.545
   -12.338
   -12.508
    -4.242
    -6.448
    -9.510
    -3.811
    -8.703
    -3.640
    -9.629
    -6.682
    -7.438
    -7.458
    -3.418
    -6.577
    -0.008
    -6.635
    -8.855
    -3.145
    -0.120
   -16.293
   -13.434
   -10.608
    -7.628
    -6.481
    -5.341
    -8.264
   -24.339
    -5.685
    -3.817
   -16.163
    -5.869
    -7.750
    -7.271
    -3.784
    -6.897
    -9.744
    -9.889
    -0.005
    -2.659
    -7.381
   -10.248
    -6.043
   -18.757
    -5.488
    -0.133
    -6.347
   -12.640
    -6.396
    -3.111
    -3.366
    -5.488
    -9.198
    -5.338
    -1.908
    -4.023
    -1.873
    -7.077
    -0.120
   -10.803
    -4.904
    -1.583
    -2.923
   -12.896
    -7.063
    -1.595
    -6.158
   -13.473
    -3.591
    -5.704
   -13.383
    -5.371
   -12.672
    -2.084
    -0.056
    -7.045
    -5.398
   -18.832
    -7.238
    -0.172
   -13.513
   -11.028
    -7.157
    -8.129
    -6.030
    -3.191
    -1.462
    -0.875
    -4.513
    -4.211
    -2.229
   -13.187
    -3.456
    -2.519
    -8.276
    -6.975
    -5.183
    -4.101
   -13.787
    -2.714
   -13.435
    -5.426
    -6.558
    -0.931
    -0.069
    -6.192
    -6.732
    -7.064
    -8.621
    -3.591
    -3.292
    -4.278
    -0.107
    -3.294
   -19.253
    -7.194
    -5.719
    -8.575
    -1.156
   -17.625
    -6.004
    -4.647
    -2.068
    -0.089
    -7.921
    -6.791
   -10.452
    -2.929
    -1.599
    -1.961
    -5.339
    -5.436
    -4.765
    -3.521
   -10.045
    -1.878
    -6.650
    -1.114
    -5.861
    -5.679
   -15.049
    -6.092
   -17.319
    -6.665
    -4.357
    -6.923
    -4.233
    -3.284
    -8.477
    -6.597
    -3.210
   -15.171
   -16.857
   -13.636
    -3.184
   -10.788
    -0.979
    -5.045
    -5.438
   -10.080
    -0.087
    -4.695
    -2.620
    -2.068
    -6.843
    -9.549
   -19.005
   -12.769
    -9.966
    -4.153
    -5.861
   -15.517
    -2.040
    -2.483
   -11.674
    -3.506
    -3.410
    -8.811
    -4.044
    -9.563
   -11.628
   -13.761
    -3.533
   -10.287
    -0.072
    -2.149
   -20.049
    -5.985
    -3.140
    -3.481
    -1.861
    -0.949
    -4.236
    -3.655
    -2.784
    -7.756
    -5.471
    -6.841
    -6.124
    -7.820
    -9.218
   -24.227
    -8.667
    -5.431
    -8.542
    -7.469
